000009
000021
000032
000034
000035
000049
000059
000068
000070
000096
000156
000157
000158
000159
000301
000400
000409
000410
000425
000503
000504
000519
000528
000530
000533
000544
000546
000547
000551
000552
000554
000555
000571
000576
000584
000585
000586
000598
000605
000607
000615
000633
000637
000638
000662
000665
000676
000680
000681
000682
000685
000693
000695
000698
000703
000711
000719
000720
000723
000733
000738
000748
000793
000802
000803
000809
000811
000815
000819
000820
000821
000826
000835
000836
000837
000839
000851
000852
000856
000880
000885
000889
000890
000892
000908
000917
000922
000925
000927
000937
000938
000948
000967
000968
000976
000977
000982
000983
000985
000988
000997
001206
001208
001223
001225
001226
001229
001230
001239
001256
001266
001267
001269
001270
001277
001283
001288
001301
001306
001316
001324
001328
001330
001332
001336
001339
001360
001379
001382
001388
001395
001400
001696
002006
002008
002009
002013
002017
002021
002025
002026
002027
002028
002031
002034
002046
002052
002058
002063
002065
002071
002073
002074
002079
002090
002094
002095
002097
002104
002111
002112
002121
002122
002123
002125
002128
002129
002131
002132
002143
002148
002150
002152
002158
002164
002168
002169
002174
002175
002176
002180
002181
002184
002189
002194
002195
002196
002197
002202
002204
002207
002209
002210
002212
002221
002227
002229
002230
002231
002236
002238
002245
002248
002249
002253
002255
002261
002264
002266
002268
002270
002272
002276
002278
002279
002280
002281
002282
002291
002292
002296
002297
002298
002300
002308
002309
002312
002322
002323
002331
002334
002335
002337
002339
002340
002342
002343
002346
002347
002350
002353
002354
002356
002358
002359
002362
002364
002366
002367
002368
002373
002376
002377
002380
002383
002389
002396
002400
002401
002405
002410
002411
002413
002415
002421
002423
002425
002426
002435
002438
002439
002441
002444
002445
002446
002451
002452
002459
002471
002474
002476
002483
002487
002490
002491
002493
002498
002506
002509
002511
002512
002514
002517
002518
002519
002520
002523
002527
002528
002529
002530
002531
002532
002533
002534
002535
002545
002546
002554
002555
002558
002559
002560
002564
002573
002576
002577
002580
002583
002595
002598
002602
002605
002606
002608
002609
002610
002611
002613
002621
002622
002623
002624
002625
002629
002630
002633
002639
002645
002649
002651
002658
002665
002667
002672
002680
002685
002686
002689
002690
002691
002692
002698
002699
002706
002709
002712
002722
002730
002733
002739
002747
002757
002759
002760
002767
002771
002774
002777
002778
002779
002786
002792
002795
002796
002801
002805
002812
002816
002819
002823
002828
002833
002835
002837
002843
002849
002850
002851
002857
002865
002869
002871
002877
002878
002879
002881
002882
002884
002887
002890
002892
002896
002897
002898
002902
002903
002905
002908
002912
002919
002920
002927
002929
002931
002933
002935
002943
002951
002953
002957
002960
002970
002972
002973
002975
002977
002979
002980
002985
002986
002987
002990
002995
003004
003005
003006
003007
003009
003021
003022
003025
003027
003029
003031
003036
003039
003040
300001
300002
300004
300007
300008
300010
300011
300014
300017
300018
300020
300024
300027
300028
300031
300032
300035
300036
300037
300042
300043
300044
300045
300047
300048
300051
300052
300055
300056
300061
300062
300063
300066
300068
300069
300070
300071
300073
300074
300075
300078
300079
300080
300081
300083
300084
300085
300091
300092
300093
300095
300096
300097
300098
300099
300103
300104
300105
300111
300112
300113
300114
300116
300118
300120
300124
300126
300129
300130
300132
300136
300137
300140
300141
300145
300148
300150
300151
300152
300153
300154
300155
300157
300161
300164
300165
300166
300167
300168
300170
300172
300173
300177
300179
300182
300183
300185
300187
300188
300190
300191
300193
300195
300201
300203
300205
300207
300208
300209
300210
300211
300212
300213
300215
300216
300220
300222
300226
300227
300229
300231
300235
300242
300245
300248
300249
300250
300251
300252
300253
300257
300259
300260
300262
300263
300264
300265
300266
300270
300271
300275
300276
300277
300278
300280
300281
300283
300286
300287
300288
300290
300291
300293
300295
300299
300300
300302
300306
300307
300308
300311
300315
300316
300322
300324
300330
300333
300334
300338
300339
300340
300341
300345
300348
300349
300351
300352
300353
300354
300359
300360
300362
300364
300365
300366
300368
300369
300370
300371
300372
300376
300378
300380
300382
300383
300384
300385
300386
300388
300390
300391
300392
300393
300394
300397
300399
300400
300402
300407
300409
300410
300411
300412
300413
300414
300415
300417
300418
300419
300420
300421
300422
300423
300425
300426
300427
300431
300432
300435
300437
300438
300440
300441
300442
300443
300444
300445
300447
300448
300449
300450
300451
300455
300457
300459
300461
300462
300465
300466
300467
300468
300469
300470
300471
300472
300474
300477
300479
300480
300484
300486
300488
300490
300491
300494
300499
300503
300508
300509
300510
300512
300513
300514
300515
300520
300521
300523
300525
300528
300530
300531
300532
300533
300540
300541
300542
300546
300548
300549
300550
300551
300552
300553
300554
300555
300557
300559
300560
300561
300563
300567
300568
300569
300570
300571
300572
300578
300579
300581
300588
300589
300590
300593
300594
300597
300598
300600
300603
300605
300606
300607
300608
300609
300612
300614
300615
300617
300619
300620
300626
300627
300628
300631
300634
300638
300645
300648
300654
300658
300659
300660
300664
300667
300669
300670
300674
300682
300687
300689
300690
300691
300692
300693
300696
300698
300699
300700
300710
300711
300713
300716
300718
300719
300720
300724
300738
300740
300743
300747
300751
300756
300757
300762
300763
300766
300768
300769
300770
300771
300772
300774
300775
300776
300777
300779
300780
300781
300785
300786
300788
300789
300790
300800
300802
300803
300805
300809
300810
300813
300815
300817
300818
300820
300823
300827
300828
300833
300836
300837
300839
300842
300845
300846
300849
300850
300851
300853
300854
300856
300861
300862
300864
300865
300867
300870
300872
300875
300879
300880
300882
300884
300885
300888
300890
300895
300896
300899
300902
300904
300906
300907
300913
300919
300921
300922
300923
300929
300931
300932
300933
300935
300941
300943
300946
300950
300953
300955
300958
300959
300960
300961
300965
300971
300984
300985
300987
300990
300992
300996
301006
301009
301012
301013
301016
301018
301021
301023
301025
301028
301029
301030
301032
301040
301042
301043
301048
301049
301050
301053
301056
301063
301068
301070
301071
301079
301081
301082
301083
301085
301095
301102
301105
301107
301108
301109
301112
301117
301120
301121
301125
301127
301128
301129
301137
301138
301139
301148
301150
301151
301152
301153
301155
301157
301158
301159
301160
301161
301162
301163
301165
301168
301171
301172
301175
301178
301179
301182
301185
301191
301195
301197
301199
301200
301202
301203
301205
301208
301210
301213
301217
301218
301222
301226
301231
301232
301236
301238
301248
301255
301259
301260
301261
301262
301265
301266
301268
301269
301270
301272
301273
301278
301279
301288
301291
301292
301295
301299
301302
301303
301305
301306
301307
301309
301311
301312
301313
301314
301315
301316
301317
301318
301320
301325
301327
301330
301337
301338
301339
301349
301353
301357
301358
301360
301361
301368
301371
301372
301377
301378
301380
301382
301386
301388
301391
301392
301396
301399
301413
301418
301419
301428
301439
301446
301448
301456
301468
301487
301500
301502
301503
301510
301511
301512
301513
301516
301517
301519
301525
301528
301533
301548
301551
301556
301557
301559
301568
301571
301577
301586
301587
301589
301590
301592
301596
301598
301600
301601
301603
301608
301609
301616
301633
301636
301638
301658
301662
301668
301682
301696
302132
430017
430047
430090
430139
430198
430300
430418
430425
430476
430478
430489
430510
430556
430564
430685
430718
600008
600028
600031
600037
600067
600072
600088
600089
600100
600105
600110
600114
600118
600121
600123
600131
600133
600150
600152
600165
600168
600169
600172
600184
600187
600188
600192
600202
600207
600212
600215
600217
600223
600225
600228
600229
600232
600241
600243
600249
600256
600262
600268
600271
600283
600288
600302
600312
600315
600320
600323
600343
600346
600348
600353
600355
600358
600372
600373
600379
600388
600395
600397
600401
600403
600405
600406
600408
600410
600416
600421
600435
600438
600444
600446
600461
600468
600476
600478
600481
600482
600495
600498
600499
600501
600506
600508
600517
600520
600522
600525
600526
600532
600536
600537
600546
600550
600551
600556
600558
600560
600562
600566
600571
600577
600579
600580
600582
600583
600588
600589
600590
600592
600601
600602
600610
600634
600637
600661
600666
600685
600688
600701
600710
600715
600718
600725
600728
600732
600734
600740
600757
600758
600759
600760
600761
600765
600769
600776
600777
600783
600792
600796
600797
600800
600806
600815
600817
600825
600831
600832
600835
600843
600847
600848
600850
600860
600862
600869
600871
600874
600875
600880
600884
600885
600889
600892
600893
600894
600925
600936
600938
600941
600959
600968
600971
600973
600977
600980
600984
600985
600990
600992
600996
600997
601001
601002
601011
601012
601015
601019
601033
601038
601088
601098
601100
601101
601106
601126
601158
601177
601179
601199
601200
601218
601222
601225
601233
601299
601311
601313
601330
601360
601368
601369
601399
601519
601558
601567
601595
601608
601615
601616
601666
601698
601699
601700
601717
601727
601728
601766
601798
601808
601811
601827
601857
601858
601865
601869
601877
601882
601898
601900
601918
601921
601928
601929
601949
601989
601999
603000
603003
603011
603012
603015
603016
603025
603026
603028
603029
603031
603032
603036
603042
603050
603059
603063
603070
603076
603081
603082
603088
603090
603092
603095
603096
603097
603100
603103
603106
603111
603118
603126
603131
603135
603159
603171
603173
603177
603185
603187
603189
603191
603193
603194
603200
603203
603206
603212
603218
603223
603230
603232
603236
603248
603258
603261
603267
603268
603269
603270
603273
603275
603277
603278
603279
603280
603282
603289
603291
603298
603308
603312
603315
603320
603321
603324
603325
603331
603333
603337
603338
603339
603344
603350
603353
603356
603370
603381
603383
603391
603398
603400
603416
603421
603444
603488
603489
603500
603507
603508
603516
603528
603533
603556
603559
603568
603577
603583
603588
603598
603603
603606
603611
603617
603618
603619
603628
603630
603636
603638
603656
603659
603660
603662
603666
603667
603680
603686
603699
603700
603712
603721
603727
603729
603757
603759
603789
603797
603798
603800
603803
603817
603819
603829
603855
603859
603861
603869
603881
603887
603888
603895
603897
603901
603903
603912
603915
603918
603927
603956
603966
603969
603983
603985
603988
603990
603999
605001
605009
605056
605060
605066
605069
605081
605100
605117
605118
605123
605168
605186
605196
605222
605259
605286
605288
605298
605305
605378
605389
605398
605577
688001
688004
688005
688006
688009
688011
688015
688017
688022
688023
688027
688030
688031
688032
688038
688039
688051
688053
688056
688058
688060
688066
688069
688070
688071
688078
688080
688081
688084
688086
688088
688090
688092
688095
688096
688097
688100
688101
688109
688111
688112
688113
688115
688118
688121
688122
688125
688128
688132
688143
688148
688155
688158
688159
688160
688162
688165
688168
688170
688171
688178
688184
688186
688187
688188
688191
688205
688206
688207
688208
688211
688215
688218
688223
688225
688226
688227
688229
688232
688239
688244
688246
688248
688251
688255
688272
688275
688281
688282
688285
688287
688288
688290
688291
688292
688296
688297
688303
688305
688306
688308
688309
688310
688311
688312
688316
688318
688320
688327
688328
688329
688330
688333
688335
688337
688339
688345
688348
688349
688353
688355
688360
688363
688367
688369
688370
688375
688376
688377
688383
688390
688392
688395
688400
688411
688418
688420
688425
688429
688433
688435
688439
688448
688450
688455
688466
688472
688479
688480
688485
688489
688499
688500
688501
688507
688509
688511
688516
688517
688522
688523
688528
688529
688531
688543
688551
688552
688555
688557
688558
688560
688562
688563
688567
688568
688570
688573
688577
688579
688583
688586
688588
688590
688592
688596
688597
688610
688611
688615
688616
688618
688619
688622
688623
688627
688628
688629
688631
688633
688636
688646
688648
688651
688657
688665
688671
688676
688679
688680
688681
688682
688685
688686
688692
688695
688698
688700
688701
688707
688708
688719
688726
688768
688772
688777
688778
688787
688788
688789
688816
688818
688819
830779
830799
830809
830832
830839
830879
830896
830946
830964
830974
831010
831039
831087
831152
831167
831175
831195
831278
831304
831305
831370
831396
831445
831526
831627
831641
831689
831726
831768
831832
831834
831855
831856
831906
831961
832000
832023
832089
832110
832145
832149
832171
832175
832225
832278
832317
832419
832469
832471
832491
832522
832566
832651
832662
832735
832786
832802
832876
832885
832978
832982
833030
833075
833171
833230
833266
833284
833346
833394
833427
833429
833454
833455
833509
833523
833533
833575
833580
833751
833781
833819
833873
833914
833943
834014
834021
834033
834058
834062
834261
834407
834415
834475
834599
834639
834682
834765
834770
834950
835174
835179
835184
835185
835207
835237
835305
835368
835438
835508
835579
835640
835670
835857
835892
835985
836077
836149
836208
836221
836239
836247
836260
836263
836270
836395
836414
836419
836422
836433
836504
836547
836675
836699
836717
836720
836807
836826
836871
836892
836942
836957
836961
837006
837023
837046
837092
837174
837212
837242
837344
837403
837592
837663
837748
837821
838030
838163
838171
838227
838262
838275
838402
838670
838701
838810
838837
838924
838971
839167
839273
839371
839493
839680
839719
839725
839729
839790
839792
839946
870199
870204
870299
870357
870436
870508
870656
870726
870866
870976
871245
871263
871396
871478
871553
871634
871642
871694
871753
871857
871970
871981
872190
872351
872374
872392
872541
872808
872895
872925
872931
872953
873001
873122
873132
873152
873167
873169
873223
873305
873339
873527
873570
873576
873593
873665
873679
873690
873693
873703
873706
873726
873806
873833
920002
920006
920007
920008
920018
920021
920026
920027
920029
920035
920036
920037
920045
920046
920061
920062
920080
920082
920088
920090
920091
920092
920100
920101
920110
920111
920112
920116
920118
920119
920123
920130
920145
920152
920158
920167
920169
920171
920174
920184
920185
920190
920198
920207
920223
920227
920237
920239
920245
920249
920252
920260
920263
920284
920299
920363
920368
920370
920374
920375
920395
920396
920405
920407
920414
920415
920425
920455
920475
920476
920491
920493
920496
920505
920508
920509
920510
920522
920523
920541
920556
920570
920578
920579
920592
920593
920599
920608
920627
920639
920640
920642
920651
920662
920679
920682
920685
920689
920693
920703
920706
920717
920720
920725
920748
920770
920779
920781
920790
920799
920802
920806
920807
920808
920809
920810
920833
920839
920855
920856
920870
920879
920885
920895
920914
920924
920931
920932
920942
920943
920950
920953
920961
920976
920982
920985